image_width: 1280
image_height: 720
camera_name: csi_cam_0
camera_matrix:
  rows: 3
  cols: 3
  data: [767.4914199999999, 0, 634.01435, 0, 771.15924, 329.31599, 0, 0, 1]
distortion_model: plumb_bob
distortion_coefficients:
  rows: 1
  cols: 5
  data: [-0.293072, 0.06916700000000001, 0.001797, 0.000445, 0]
rectification_matrix:
  rows: 3
  cols: 3
  data: [1, 0, 0, 0, 1, 0, 0, 0, 1]
projection_matrix:
  rows: 3
  cols: 4
  data: [568.79156, 0, 632.08687, 0, 0, 716.6701, 325.58138, 0, 0, 0, 1, 0]