# Loaded by rpi_cam.launch
image_width: 1280
image_height: 720
camera_name: csi_cam_0
camera_matrix:
  rows: 3
  cols: 3
  data: [1106.640406, 0.000000, 708.622424, 0.000000, 1102.927554, 265.881921, 0.000000, 0.000000, 1.000000]
distortion_model: plumb_bob
distortion_coefficients:
  rows: 1
  cols: 5
  data: [0.040425, -0.111879, -0.026757, 0.024442, 0.000000]
rectification_matrix:
  rows: 3
  cols: 3
  data: [1.000000, 0.000000, 0.000000, 0.000000, 1.000000, 0.000000, 0.000000, 0.000000, 1.000000]
projection_matrix:
  rows: 3
  cols: 4
  data: [1101.267334, 0.000000, 739.908739, 0.000000, 0.000000, 1114.612183, 250.431239, 0.000000, 0.000000, 0.000000, 1.000000, 0.000000]
